! Input namelist file intended to initialize a 2D coordinate transformation.
! This should be done with a call like: 

!       call T%initialize_from_file(filename)

! Generated by /home/yamanguc/Library/SeLaLib/selalib/src/CAID_coordinate_transformations/../python_scripts/nurbs_patch_txt_to_nml.py
! on: 11/12/2014,16:49:14
! Original input file: 
! /home/yamanguc/Library/SeLaLib/selalib/src/CAID_coordinate_transformations/circle_mp5_pts12/circle_mp5_pts12_patch4.txt


&transf_label
    label = "circle_mp5_pts12_patch4"
/

&degree
    spline_deg1 = 3
    spline_deg2 = 3
/

&shape
    num_pts1 = 14
    num_pts2 = 14
/

&rational
    is_rational = 1
/

&knots_1
    knots1 = 0. 0. 0. 0. 0.09090909 0.18181818 0.27272727 0.36363636 0.45454545 0.54545455 0.63636364 0.72727273 0.81818182 0.90909091 1. 1. 1. 1.
/

&knots_2
    knots2 = 0. 0. 0. 0. 0.09090909 0.18181818 0.27272727 0.36363636 0.45454545 0.54545455 0.63636364 0.72727273 0.81818182 0.90909091 1. 1. 1. 1.
/

&control_points
    control_pts1 = 5.00000000e-01 0.5 0.49710011 0.48337272 0.45940514 0.42497002 0.38052701 0.32724852 0.26692816 0.20178392 0.13419989 0.06646639 0.02181471 8.61273212e-17 0.5 4.98100090e-01 0.49147414 0.47266843 0.44435154 0.40651705 0.3597274 0.30511454 0.24429627 0.17921958 0.11196197 0.04453119 4.66589112e-17 -0.02181471 0.49710011 0.49147414 4.77661136e-01 0.44929807 0.41299062 0.36901631 0.31801706 0.26097848 0.19916948 0.1340496 0.06715782 7.56664520e-18 -0.04453119 -0.06646639 0.48337272 0.47266843 0.44929807 4.08681803e-01 0.36249025 0.31111675 0.25511118 0.19516239 0.13207063 0.06671228 -5.54300534e-17 -0.06715782 -0.11196197 -0.13419989 0.45940514 0.44435154 0.41299062 0.36249025 3.08600540e-01 0.25161189 0.19186239 0.12973143 0.06563166 -2.42292251e-17 -0.06671228 -0.1340496 -0.17921958 -0.20178392 0.42497002 0.40651705 0.36901631 0.31111675 0.25161189 1.90619561e-01 0.12826488 0.06467935 1.62476484e-17 -0.06563166 -0.13207063 -0.19916948 -0.24429627 -0.26692816 0.38052701 0.3597274 0.31801706 0.25511118 0.19186239 0.12826488 6.43127342e-02 1.62588186e-17 -0.06467935 -0.12973143 -0.19516239 -0.26097848 -0.30511454 -0.32724852 0.32724852 0.30511454 0.26097848 0.19516239 0.12973143 0.06467935 3.25176372e-17 -6.43127342e-02 -0.12826488 -0.19186239 -0.25511118 -0.31801706 -0.3597274 -0.38052701 0.26692816 0.24429627 0.19916948 0.13207063 0.06563166 -2.03095605e-17 -0.06467935 -0.12826488 -1.90619561e-01 -0.25161189 -0.31111675 -0.36901631 -0.40651705 -0.42497002 0.20178392 0.17921958 0.1340496 0.06671228 -4.84584501e-17 -0.06563166 -0.12973143 -0.19186239 -0.25161189 -3.08600540e-01 -0.36249025 -0.41299062 -0.44435154 -0.45940514 0.13419989 0.11196197 0.06715782 -9.89822382e-17 -0.06671228 -0.13207063 -0.19516239 -0.25511118 -0.31111675 -0.36249025 -4.08681803e-01 -0.44929807 -0.47266843 -0.48337272 0.06646639 0.04453119 -1.07824694e-16 -0.06715782 -0.1340496 -0.19916948 -0.26097848 -0.31801706 -0.36901631 -0.41299062 -0.44929807 -4.77661136e-01 -0.49147414 -0.49710011 0.02181471 -1.05879837e-16 -0.04453119 -0.11196197 -0.17921958 -0.24429627 -0.30511454 -0.3597274 -0.40651705 -0.44435154 -0.47266843 -0.49147414 -4.98100090e-01 -0.5 -8.61273212e-17 -0.02181471 -0.06646639 -0.13419989 -0.20178392 -0.26692816 -0.32724852 -0.38052701 -0.42497002 -0.45940514 -0.48337272 -0.49710011 -0.5 -5.00000000e-01
    control_pts2 = -8.61273212e-17 0.02181471 0.06646639 0.13419989 0.20178392 0.26692816 0.32724852 0.38052701 0.42497002 0.45940514 0.48337272 0.49710011 0.5 5.00000000e-01 -0.02181471 -7.35775138e-17 0.04453119 0.11196197 0.17921958 0.24429627 0.30511454 0.3597274 0.40651705 0.44435154 0.47266843 0.49147414 4.98100090e-01 0.5 -0.06646639 -0.04453119 -4.35082099e-17 0.06715782 0.1340496 0.19916948 0.26097848 0.31801706 0.36901631 0.41299062 0.44929807 4.77661136e-01 0.49147414 0.49710011 -0.13419989 -0.11196197 -0.06715782 -4.15725400e-17 0.06671228 0.13207063 0.19516239 0.25511118 0.31111675 0.36249025 4.08681803e-01 0.44929807 0.47266843 0.48337272 -0.20178392 -0.17921958 -0.1340496 -0.06671228 -3.63438376e-17 0.06563166 0.12973143 0.19186239 0.25161189 3.08600540e-01 0.36249025 0.41299062 0.44435154 0.45940514 -0.26692816 -0.24429627 -0.19916948 -0.13207063 -0.06563166 -1.21857363e-17 0.06467935 0.12826488 1.90619561e-01 0.25161189 0.31111675 0.36901631 0.40651705 0.42497002 -0.32724852 -0.30511454 -0.26097848 -0.19516239 -0.12973143 -0.06467935 -8.12940930e-18 6.43127342e-02 0.12826488 0.19186239 0.25511118 0.31801706 0.3597274 0.38052701 -0.38052701 -0.3597274 -0.31801706 -0.25511118 -0.19186239 -0.12826488 -6.43127342e-02 4.06470465e-17 0.06467935 0.12973143 0.19516239 0.26097848 0.30511454 0.32724852 -0.42497002 -0.40651705 -0.36901631 -0.31111675 -0.25161189 -1.90619561e-01 -0.12826488 -0.06467935 3.24952969e-17 0.06563166 0.13207063 0.19916948 0.24429627 0.26692816 -0.45940514 -0.44435154 -0.41299062 -0.36249025 -3.08600540e-01 -0.25161189 -0.19186239 -0.12973143 -0.06563166 5.65348585e-17 0.06671228 0.1340496 0.17921958 0.20178392 -0.48337272 -0.47266843 -0.44929807 -4.08681803e-01 -0.36249025 -0.31111675 -0.25511118 -0.19516239 -0.13207063 -0.06671228 6.33486324e-17 0.06715782 0.11196197 0.13419989 -0.49710011 -0.49147414 -4.77661136e-01 -0.44929807 -0.41299062 -0.36901631 -0.31801706 -0.26097848 -0.19916948 -0.1340496 -0.06715782 7.56664520e-17 0.04453119 0.06646639 -0.5 -4.98100090e-01 -0.49147414 -0.47266843 -0.44435154 -0.40651705 -0.3597274 -0.30511454 -0.24429627 -0.17921958 -0.11196197 -0.04453119 8.25503813e-17 0.02181471 -5.00000000e-01 -0.5 -0.49710011 -0.48337272 -0.45940514 -0.42497002 -0.38052701 -0.32724852 -0.26692816 -0.20178392 -0.13419989 -0.06646639 -0.02181471 8.61273212e-17
/

&pt_weights
    weights = 1.0 0.982248895829 0.949974160974 0.911244479147 0.882197217778 0.862832376864 0.853149956408 0.853149956408 0.862832376864 0.882197217778 0.911244479147 0.949974160974 0.982248895829 1.0 0.982248895829 0.966649440649 0.938286794867 0.904251619929 0.878725238725 0.861707651256 0.853198857521 0.853198857521 0.861707651256 0.878725238725 0.904251619929 0.938286794867 0.966649440649 0.982248895829 0.949974160974 0.938286794867 0.91703703831 0.89153733044 0.872412549538 0.859662695604 0.853287768636 0.853287768636 0.859662695604 0.872412549538 0.89153733044 0.91703703831 0.938286794867 0.949974160974 0.911244479147 0.904251619929 0.89153733044 0.876280183054 0.864837322514 0.857208748821 0.853394461975 0.853394461975 0.857208748821 0.864837322514 0.876280183054 0.89153733044 0.904251619929 0.911244479147 0.882197217778 0.878725238725 0.872412549538 0.864837322514 0.859155902246 0.855368288734 0.853474481978 0.853474481978 0.855368288734 0.859155902246 0.864837322514 0.872412549538 0.878725238725 0.882197217778 0.862832376864 0.861707651256 0.859662695604 0.857208748821 0.855368288734 0.854141315343 0.853527828648 0.853527828648 0.854141315343 0.855368288734 0.857208748821 0.859662695604 0.861707651256 0.862832376864 0.853149956408 0.853198857521 0.853287768636 0.853394461975 0.853474481978 0.853527828648 0.853554501982 0.853554501982 0.853527828648 0.853474481978 0.853394461975 0.853287768636 0.853198857521 0.853149956408 0.853149956408 0.853198857521 0.853287768636 0.853394461975 0.853474481978 0.853527828648 0.853554501982 0.853554501982 0.853527828648 0.853474481978 0.853394461975 0.853287768636 0.853198857521 0.853149956408 0.862832376864 0.861707651256 0.859662695604 0.857208748821 0.855368288734 0.854141315343 0.853527828648 0.853527828648 0.854141315343 0.855368288734 0.857208748821 0.859662695604 0.861707651256 0.862832376864 0.882197217778 0.878725238725 0.872412549538 0.864837322514 0.859155902246 0.855368288734 0.853474481978 0.853474481978 0.855368288734 0.859155902246 0.864837322514 0.872412549538 0.878725238725 0.882197217778 0.911244479147 0.904251619929 0.89153733044 0.876280183054 0.864837322514 0.857208748821 0.853394461975 0.853394461975 0.857208748821 0.864837322514 0.876280183054 0.89153733044 0.904251619929 0.911244479147 0.949974160974 0.938286794867 0.91703703831 0.89153733044 0.872412549538 0.859662695604 0.853287768636 0.853287768636 0.859662695604 0.872412549538 0.89153733044 0.91703703831 0.938286794867 0.949974160974 0.982248895829 0.966649440649 0.938286794867 0.904251619929 0.878725238725 0.861707651256 0.853198857521 0.853198857521 0.861707651256 0.878725238725 0.904251619929 0.938286794867 0.966649440649 0.982248895829 1.0 0.982248895829 0.949974160974 0.911244479147 0.882197217778 0.862832376864 0.853149956408 0.853149956408 0.862832376864 0.882197217778 0.911244479147 0.949974160974 0.982248895829 1.0
/

&logical_mesh_2d
    number_cells1 = 11
    number_cells2 = 11
/

