&PARAM
 NTH_IN=        200,
 NH1_IN=         20,
 NH2_IN=         80,
 MU= 0.92000000000000004     ,
 XI= 0.90000000000000002     ,
 L=  14.710000000000001     ,
 ENMIN= 1.00000000000000392E-003,
 EPS_DICH= 9.99999999999999955E-008,
 EPS= 9.99999999999999955E-008,
 EPS_NW= 9.99999999999999955E-008,
 NX=     100000,
 LOC=F,
 NV_RHO=        327,
 NX_RHO=        327,
 /
