&sim_params
	NUM_PARTICLES       = 10000
	DIMENSION           = 3
	dt     =  0.01
	NUM_TIMESTEPS   = 500
	NUM_MODES       = 1
	QoverM = -1.0
	EPSILON  = 0.1
	K = 0.5 0 0.5
	L = 12.5663706143592  12.5663706143592  12.5663706143592
	CONTROLVARIATE = 0
	TIME_INTEGRATOR_ORDER = 2
	RND_OFFSET = 10
	B0 = 0  0  1
	TESTCASE = "SLL_LANDAU_SUM"
	PLOT2D_IDX = 0 0 
	PLOT2D_BIN = 10 10
/    



