&sim_params
	NUM_PARTICLES       = 400000
	DIMENSION           = 2
	dt     =  0.1
	NUM_TIMESTEPS   = 200
	NUM_MODES       = 1
	QoverM = -1.0
	EPSILON  = 0.1
	K = 0.5 0.5
	L =  12.5663706143592  12.5663706143592
	CONTROLVARIATE = 1
	TIME_INTEGRATOR_ORDER = 4
	RND_OFFSET = 10
	PLOT2D_IDX = 1 2
	PLOT2D_BIN = 20 20
	TESTCASE = "SLL_LANDAU_SUM"
	/    

